#  ._._._._._._._._._._._._._._._._.
#  | | . | ._. ._._._._. | . |_. ._|
#  | ._| | |_._| ._. |_._._|_. |_. |
#  |_. | |_._. ._| | | . | ._|_._. |
#  | | | | . |_. | | | | |_. . | ._|
#  | ._|_._|_. | | | | |_. | | |_. |
#  |_. | | ._._|_| | ._| | |_|_._. |
#  | | | |_._._._._|_._. | | ._. |_|
#  | |_. | | ._._. | ._._|_._| |_. |
#  | | ._|_. ._._|_._. | . | . | . |
#  | |_._. | | ._. | |_._| | | | |_|
#  | ._._| | |_. | |_._._._._|_|_. |
#  | | . | | | | |_._._._._._._. | |
#  | ._|_._|_. |_. |_. ._._. . |_. |
#  |_. | ._. |_. |_. |_. | | |_| ._|
#  | ._|_. | |_._| ._| | | |_._._| |
#  |_._._._|_._._._|_._._._._._._._|
#  
0 0 30 0
30 0 60 0
60 0 90 0
90 0 120 0
120 0 150 0
150 0 180 0
180 0 210 0
210 0 240 0
240 0 270 0
270 0 300 0
300 0 330 0
330 0 360 0
360 0 390 0
390 0 420 0
420 0 450 0
450 0 480 0
# 
0 0 0 30
30 0 30 30
90 0 90 30
120 30 150 30
180 30 210 30
210 30 240 30
240 30 270 30
270 30 300 30
330 0 330 30
390 0 390 30
390 30 420 30
450 30 480 30
480 0 480 30
# 
0 30 0 60
30 60 60 60
60 30 60 60
90 30 90 60
120 30 120 60
120 60 150 60
150 60 180 60
180 30 180 60
210 60 240 60
270 30 270 60
270 60 300 60
300 60 330 60
330 60 360 60
360 30 360 60
360 60 390 60
420 30 420 60
420 60 450 60
480 30 480 60
# 
0 60 0 90
0 90 30 90
60 60 60 90
90 60 90 90
90 90 120 90
120 90 150 90
180 90 210 90
210 60 210 90
240 60 240 90
270 60 270 90
330 60 330 90
360 90 390 90
390 60 390 90
390 90 420 90
420 90 450 90
480 60 480 90
# 
0 90 0 120
30 90 30 120
60 90 60 120
90 90 90 120
150 90 150 120
150 120 180 120
210 90 210 120
240 90 240 120
270 90 270 120
300 90 300 120
330 90 330 120
330 120 360 120
420 90 420 120
450 120 480 120
480 90 480 120
# 
0 120 0 150
30 150 60 150
60 120 60 150
60 150 90 150
90 150 120 150
120 120 120 150
120 150 150 150
180 120 180 150
210 120 210 150
240 120 240 150
270 120 270 150
300 120 300 150
300 150 330 150
360 120 360 150
390 120 390 150
420 120 420 150
420 150 450 150
480 120 480 150
# 
0 150 0 180
0 180 30 180
60 150 60 180
90 150 90 180
120 180 150 180
150 180 180 180
180 150 180 180
180 180 210 180
210 150 210 180
240 150 240 180
270 180 300 180
300 150 300 180
330 150 330 180
360 150 360 180
360 180 390 180
390 150 390 180
390 180 420 180
420 180 450 180
480 150 480 180
# 
0 180 0 210
30 180 30 210
60 180 60 210
90 180 90 210
90 210 120 210
120 210 150 210
150 210 180 210
180 210 210 210
210 210 240 210
240 180 240 210
240 210 270 210
270 210 300 210
330 180 330 210
360 180 360 210
390 210 420 210
450 180 450 210
450 210 480 210
480 180 480 210
# 
0 210 0 240
30 210 30 240
30 240 60 240
90 210 90 240
120 210 120 240
150 240 180 240
180 240 210 240
240 210 240 240
270 240 300 240
300 240 330 240
330 210 330 240
330 240 360 240
360 240 390 240
390 210 390 240
420 210 420 240
420 240 450 240
480 210 480 240
# 
0 240 0 270
30 240 30 270
60 270 90 270
90 240 90 270
90 270 120 270
150 270 180 270
180 270 210 270
210 240 210 270
210 270 240 270
240 270 270 270
300 240 300 270
360 240 360 270
420 240 420 270
480 240 480 270
# 
0 270 0 300
30 270 30 300
30 300 60 300
60 300 90 300
120 270 120 300
150 270 150 300
180 300 210 300
240 270 240 300
270 270 270 300
270 300 300 300
300 300 330 300
330 270 330 300
360 270 360 300
390 270 390 300
420 270 420 300
450 270 450 300
450 300 480 300
480 270 480 300
# 
0 300 0 330
30 330 60 330
60 330 90 330
90 300 90 330
120 300 120 330
150 300 150 330
150 330 180 330
210 300 210 330
240 300 240 330
240 330 270 330
270 330 300 330
300 330 330 330
330 330 360 330
360 330 390 330
390 300 390 330
390 330 420 330
420 300 420 330
420 330 450 330
480 300 480 330
# 
0 330 0 360
30 330 30 360
90 330 90 360
120 330 120 360
150 330 150 360
180 330 180 360
210 330 210 360
210 360 240 360
240 360 270 360
270 360 300 360
300 360 330 360
330 360 360 360
360 360 390 360
390 360 420 360
450 330 450 360
480 330 480 360
# 
0 360 0 390
30 390 60 390
60 360 60 390
60 390 90 390
90 390 120 390
120 360 120 390
120 390 150 390
180 360 180 390
180 390 210 390
240 360 240 390
240 390 270 390
300 390 330 390
330 390 360 390
420 360 420 390
420 390 450 390
480 360 480 390
# 
0 390 0 420
0 420 30 420
60 390 60 420
90 420 120 420
150 390 150 420
150 420 180 420
210 390 210 420
210 420 240 420
270 390 270 420
270 420 300 420
330 390 330 420
360 390 360 420
390 390 390 420
390 420 420 420
420 390 420 420
450 420 480 420
480 390 480 420
# 
0 420 0 450
30 450 60 450
60 420 60 450
60 450 90 450
120 420 120 450
150 420 150 450
150 450 180 450
180 450 210 450
210 420 210 450
240 450 270 450
270 420 270 450
300 420 300 450
330 420 330 450
360 420 360 450
360 450 390 450
390 450 420 450
420 450 450 450
450 420 450 450
480 420 480 450
# 
0 450 0 480
0 480 30 480
30 480 60 480
60 480 90 480
90 480 120 480
120 450 120 480
120 480 150 480
150 480 180 480
180 480 210 480
210 480 240 480
240 450 240 480
240 480 270 480
270 480 300 480
300 480 330 480
330 480 360 480
360 480 390 480
390 480 420 480
420 480 450 480
450 480 480 480
480 450 480 480
# 
# 
